97579,50266
97579,51480
97846,51480
97846,52706
98052,52706
98052,53936
98137,53936
98137,55152
97997,55152
97997,56381
97963,56381
97963,57477
97049,57477
97049,58747
97282,58747
97282,59822
96478,59822
96478,61106
96671,61106
96671,62191
96023,62191
96023,63337
95644,63337
95644,64707
95972,64707
95972,65699
95104,65699
95104,66797
94586,66797
94586,68211
94861,68211
94861,69116
93866,69116
93866,70156
93229,70156
93229,71410
93036,71410
93036,72281
92079,72281
92079,73403
91614,73403
91614,74739
91494,74739
91494,75404
90254,75404
90254,76881
90295,76881
90295,77673
89289,77673
89289,78482
88336,78482
88336,79349
87481,79349
87481,80291
86727,80291
86727,81699
86510,81699
86510,82235
85280,82235
85280,83220
84558,83220
84558,84018
83640,84018
83640,84692
82609,84692
82609,86114
82262,86114
82262,86410
80905,86410
80905,87231
80012,87231
80012,88400
79382,88400
79382,88576
77995,88576
77995,89838
77399,89838
77399,90455
76339,90455
76339,91070
75281,91070
75281,91344
74027,91344
74027,91996
73003,91996
73003,92501
71899,92501
71899,93002
70796,93002
70796,93733
69798,93733
69798,94130
68646,94130
68646,94277
67400,94277
67400,94745
66287,94745
66287,95898
65402,95898
65402,96077
64174,96077
64174,96361
62985,96361
62985,96350
61724,96350
61724,96813
60587,96813
60587,97412
59467,97412
59467,97010
58154,97010
58154,97335
56980,97335
56980,97200
55743,97200
55743,98273
54636,98273
54636,97934
53380,97934
53380,98294
52178,98294
52178,97494
50937,97494
50937,97700
49733,97700
49733,97488
48530,97488
48530,97888
47302,97888
47302,98177
46059,98177
46059,97703
44879,97703
44879,97874
43630,97874
43630,97749
42411,97749
42411,97257
41256,97257
41256,97013
40063,97013
40063,96407
38956,96407
38956,96030
37806,96030
37806,95851
36602,95851
36602,96150
35236,96150
35236,94954
34352,94954
34352,95323
32924,95323
32924,94055
32115,94055
32115,94269
30708,94269
30708,93208
29853,93208
29853,92698
28758,92698
28758,92112
27701,92112
27701,92044
26354,92044
26354,91135
25474,91135
25474,90761
24275,90761
24275,90036
23291,90036
23291,89649
22072,89649
22072,88140
21662,88140
21662,87422
20696,87422
20696,86865
19595,86865
19595,86175
18590,86175
18590,85744
17340,85744
17340,84539
16797,84539
16797,83894
15723,83894
15723,82636
15279,82636
15279,81721
14491,81721
14491,81227
13210,81227
13210,80084
12680,80084
12680,78999
12099,78999
12099,77908
11544,77908
11544,77342
10242,77342
10242,76053
9982,76053
9982,75289
8916,75289
8916,74172
8405,74172
8405,72917
8159,72917
8159,72055
7195,72055
7195,70820
6946,70820
6946,69988
5847,69988
5847,68743
5639,68743
5639,67528
5394,67528
5394,66576
4462,66576
4462,65253
4544,65253
4544,64136
4046,64136
4046,62837
4165,62837
4165,61863
3101,61863
3101,60674
2802,60674
2802,59318
3333,59318
3333,58159
2962,58159
2962,56941
2928,56941
2928,55820
2160,55820
2160,54586
2245,54586
2245,53392
1891,53392
1891,52167
1941,52167
1941,50938
2448,50938
2448,50249
94532,50249
94532,48504
1681,48504
1681,47275
1624,47275
1624,46125
2619,46125
2619,44916
2641,44916
2641,43701
2658,43701
2658,42480
2685,42480
2685,41291
2931,41291
2931,39994
2659,39994
2659,38860
3187,38860
3187,37702
3576,37702
3576,36617
4199,36617
4199,35414
4408,35414
4408,34093
4300,34093
4300,33186
5369,33186
5369,31975
5598,31975
5598,30988
6373,30988
6373,29761
6594,29761
6594,28444
6671,28444
6671,27493
7495,27493
7495,26289
7839,26289
7839,25648
9157,25648
9157,24641
9818,24641
9818,23474
10238,23474
10238,22250
10603,22250
10603,21290
11357,21290
11357,20255
12014,20255
12014,19623
13168,19623
13168,18647
13889,18647
13889,17708
14657,17708
14657,16804
15467,16804
15467,15737
16118,15737
16118,14941
17045,14941
17045,14192
18011,14192
18011,13400
18934,13400
18934,12282
19595,12282
19595,11487
20532,11487
20532,11402
21988,11402
21988,10734
22995,10734
22995,9652
23731,9652
23731,9449
25038,9449
25038,8202
25709,8202
25709,7640
26797,7640
26797,7094
27892,7094
27892,7082
29245,7082
29245,6291
30212,6291
30212,5725
31293,5725
31293,5621
32560,5621
32560,4577
33465,4577
33465,4208
34633,4208
34633,3834
35798,3834
35798,3895
37086,3895
37086,3782
38308,3782
38308,3191
39413,3191
39413,3106
40636,3106
40636,2677
41791,2677
41791,2835
43044,2835
43044,2490
44219,2490
44219,1980
45388,1980
45388,1885
46606,1885
46606,1646
47818,1646
47818,2319
49058,2319
49058,1769
50269,1769
50269,1914
51487,1914
51487,1757
52717,1757
52717,1702
53949,1702
53949,2630
55085,2630
55085,2202
56359,2202
56359,2958
57476,2958
57476,2534
58781,2534
58781,3160
59899,3160
59899,2866
61215,2866
61215,3346
62358,3346
62358,4241
63370,4241
63370,4286
64624,4286
64624,5077
65636,5077
65636,5167
66890,5167
66890,5700
67983,5700
67983,5679
69313,5679
69313,6191
70426,6191
70426,6991
71396,6991
71396,7525
72490,7525
72490,8378
73407,8378
73407,8727
74607,8727
74607,9811
75363,9811
75363,9772
76835,9772
76835,10589
77759,10589
77759,11238
78798,11238
78798,12479
79380,12479
79380,13122
80414,13122
80414,13493
81696,13493
81696,14508
82428,14508
82428,15349
83308,15349
83308,16540
83836,16540
83836,16792
85328,16792
85328,17978
85844,17978
85844,19249
86227,19249
86227,19814
87445,19814
87445,20785
88181,20785
88181,21742
88936,21742
88936,22872
89443,22872
89443,23549
90627,23549
90627,24629
91214,24629
91214,25751
91724,25751
91724,27149
91717,27149
91717,28050
92599,28050
92599,29010
93402,29010
93402,30154
93837,30154
93837,31262
94346,31262
94346,32317
94995,32317
94995,33591
95077,33591
95077,34656
95723,34656
95723,35874
95920,35874
95920,37029
96309,37029
96309,38307
96224,38307
96224,39411
96818,39411
96818,40696
96591,40696
96591,41811
97206,41811
97206,42935
97906,42935
97906,44141
98144,44141
98144,45449
97381,45449
97381,46606
98117,46606
98117,47835
97977,47835
97977,49047
98248,49047
98248,50266