75 30
57 75
9885 8130

48 12
20 52
1320 5260

20 86
46 33
370 767

21 77
65 36
4616 8832

49 88
90 36
3292 5284

46 13
11 71
6610 7336

55 23
25 47
8960 6506

19 90
91 28
1245 3076

77 15
55 57
7535 2301

29 59
39 11
15636 3044

17 94
68 34
4607 4612

56 17
11 52
9639 2048

63 49
14 94
3703 9529

54 28
22 48
11978 11172

46 11
36 61
2678 17058

66 34
14 36
15424 3726

17 72
84 66
6233 9882

17 98
86 40
5832 9920

23 48
30 13
16304 10705

49 31
25 86
3496 8037

81 24
34 89
4240 5834

35 53
70 15
4305 1605

69 19
22 60
8042 6368

22 25
44 14
3916 2506

39 53
96 11
9240 4553

70 55
18 86
5672 7259

62 27
21 54
1842 13220

17 53
46 19
7487 19043

67 25
24 63
5154 7272

59 20
12 37
17990 1825

70 24
17 58
8465 4706

16 56
56 15
10488 19753

27 16
25 47
2997 11753

66 29
26 72
2270 5056

86 62
18 89
7356 8040

95 41
51 87
2737 2611

11 52
63 15
13818 8890

24 62
58 17
4918 16511

11 47
63 18
6709 14881

48 39
17 76
4539 8352

22 49
66 17
7260 3430

80 32
11 61
10025 7247

57 29
23 48
5957 9914

38 16
50 99
5284 9396

34 17
15 38
16255 17811

47 11
29 63
6648 3342

68 37
25 99
3930 7433

92 30
21 97
3872 9196

26 82
59 11
3307 4683

62 21
28 67
13320 17068

77 47
11 45
5391 5509

16 48
71 29
5100 17124

15 56
79 34
2175 16304

45 13
84 93
10653 9401

54 30
32 60
6564 9020

42 32
12 30
3156 2488

44 16
23 55
6028 6296

68 19
30 80
17552 1101

19 77
51 12
10654 3135

99 14
37 88
3609 3490

33 13
18 61
1742 12692

81 17
64 60
3492 1152

51 16
19 73
16809 11712

74 23
12 48
12182 10265

63 15
28 81
10903 6794

14 72
70 16
11190 10664

37 11
27 67
3354 8452

33 41
77 17
5566 2038

50 12
17 50
10907 18238

55 15
15 70
7555 15690

46 24
33 61
11745 2657

58 43
28 99
4076 6308

54 99
74 36
4050 4734

34 18
20 55
10578 15741

69 18
52 62
8509 6482

13 73
96 56
3216 5016

11 27
77 50
13190 1791

35 70
54 15
2511 2325

52 21
34 51
3456 2961

16 81
90 79
1376 3953

34 13
36 55
13586 3897

27 59
53 25
5121 1273

63 15
30 73
13970 10239

86 51
46 97
1454 2675

25 93
59 11
5324 7088

43 19
29 47
19347 5901

24 68
52 12
6632 6552

39 11
12 72
18431 819

14 35
61 43
3166 1111

76 48
29 72
7155 4680

24 50
46 19
16134 3617

48 72
66 11
9204 7294

66 62
22 77
3520 7419

14 47
68 39
4250 9875

67 14
58 59
6096 1977

41 21
19 38
5924 5047

20 83
43 35
4668 8470

37 95
72 46
4106 7904

34 11
18 40
13094 14354

51 85
70 16
3158 2042

96 13
28 22
4812 1471

54 22
47 67
5636 3636

26 51
23 13
18952 12022

35 55
46 17
660 10525

33 67
48 18
10958 9870

11 43
70 32
11658 1306

25 11
27 42
2311 2312

74 12
11 39
4519 6941

63 13
15 67
2054 5500

64 25
16 65
7152 12645

44 78
51 19
15398 6504

17 91
62 41
5992 9386

33 13
11 43
16490 4206

83 43
55 97
9426 6596

14 43
20 11
9268 16426

76 24
37 98
2006 4604

63 78
49 16
5712 3588

59 13
43 43
7668 4908

50 15
31 54
11845 4550

18 60
67 31
1030 5800

13 67
52 14
8310 6360

22 99
40 27
5070 8892

82 48
14 41
13302 1468

59 20
13 28
11713 11164

44 17
21 45
19051 1345

29 46
41 12
2664 16794

11 88
85 30
3809 9672

15 65
77 29
2350 4090

40 23
18 37
1748 7833

77 45
14 37
16594 7835

79 19
34 89
5520 2055

17 38
74 51
10003 8167

11 38
48 12
11879 13058

92 11
67 53
8641 1708

12 40
61 33
17814 2806

81 13
13 60
6107 13017

55 26
19 32
19498 13758

86 12
23 43
4245 1985

12 46
75 12
11804 7922

15 49
42 24
16187 13179

23 53
56 30
9137 4149

60 18
30 71
13100 3902

86 46
11 48
5083 12988

32 64
46 15
8222 3287

81 33
54 98
7614 5838

48 29
13 39
9514 972

19 81
72 51
4588 6762

37 16
17 36
11124 15692

24 73
97 40
6593 3476

17 28
56 29
10318 12337

44 37
19 53
891 1971

35 89
91 57
2639 4269

15 72
58 17
8803 14919

36 53
37 13
6655 3303

56 34
22 49
12614 18039

89 95
95 22
2605 2463

16 73
75 73
7660 12337

85 26
65 89
10630 9403

28 86
20 15
3620 8890

56 19
36 74
13276 12044

29 55
40 13
5024 4185

30 91
85 26
5250 8970

60 45
32 83
4276 6334

60 22
23 54
7926 3710

76 12
12 52
18788 14052

29 12
22 52
5032 4096

12 41
30 12
9494 11342

14 55
74 16
14450 15167

37 65
56 28
5073 13165

56 43
22 88
1676 1998

40 70
51 19
672 4288

38 57
31 11
5526 5094

74 19
15 51
6548 3190

22 46
31 16
11879 4424

90 20
23 36
5397 2404

36 79
95 12
8090 4000

57 14
19 61
1944 14244

65 14
31 83
1937 16611

16 44
43 28
4971 6360

11 72
86 97
5217 6659

24 44
46 19
10556 14790

71 85
44 11
4081 1760

11 44
78 46
14445 18736

91 48
30 67
5574 4066

23 49
54 25
9611 6047

88 33
50 90
7884 5664

15 61
72 16
6827 10097

18 16
21 72
1989 3528

66 30
12 26
10148 7988

26 67
65 13
4475 4436

78 38
58 90
6644 6324

24 12
24 43
14288 1017

11 40
67 21
14990 2264

61 14
11 45
4429 12066

84 98
16 88
9188 16682

18 57
76 29
1140 19360

11 35
47 13
6934 19244

18 37
88 43
5412 4506

37 14
26 69
18035 18988

18 77
94 36
3680 5125

66 24
23 54
4197 3306

62 26
27 62
3449 2916

85 73
70 12
5620 2950

96 59
29 59
10447 8850

23 11
13 27
16099 2429

16 74
30 13
2742 6017

19 48
35 17
5143 19210

14 65
43 16
11184 5109

66 24
24 68
12068 12320

86 11
13 87
2909 5086

28 54
38 21
15326 4685

90 41
19 86
5873 8631

26 15
18 50
16498 15585

26 62
46 22
16464 19188

80 30
69 96
4291 4344

53 15
16 58
1465 4425

11 22
55 18
15544 6332

26 74
72 25
7572 10088

11 48
52 26
12503 1044

35 57
88 23
9481 3770

22 62
97 63
7253 9291

11 53
44 13
4565 4483

36 12
22 58
18656 8528

48 90
71 17
11094 10350

95 99
65 14
13680 10172

20 99
65 54
1790 4041

76 23
11 38
1899 14197

34 72
72 30
7384 6084

74 18
13 74
3317 16128

85 47
11 50
13636 9893

13 25
42 18
604 17884

94 64
14 86
3832 8650

88 19
29 70
4698 5731

59 15
18 59
7140 10039

67 12
15 71
19205 18916

33 17
41 94
2469 3021

22 70
62 11
18330 16422

68 21
15 64
19117 8318

12 75
85 81
917 3480

89 14
66 96
10202 5372

25 63
29 11
6651 9357

83 48
17 76
6142 9044

49 12
19 78
1932 8870

41 13
40 58
4784 3964

63 25
48 99
6918 9861

44 18
28 67
13260 9568

45 25
16 51
4854 6234

36 54
86 34
1672 1178

37 33
21 75
3031 5967

65 22
70 98
3585 3294

57 24
18 58
10142 7706

99 17
25 78
7511 4754

56 20
12 29
8284 2281

25 12
17 35
17070 9295

16 58
47 18
4210 1676

24 53
88 55
10184 9671

14 57
66 47
5096 6780

91 18
32 47
10866 6013

44 79
47 24
4800 7652

12 33
29 19
3304 17190

97 97
21 91
4567 4917

25 80
96 51
8194 9824

77 18
25 38
4063 1818

25 89
82 26
3630 8934

13 32
76 55
1866 17800

49 14
32 58
9528 11206

23 54
59 32
5446 5958

16 97
82 59
5482 6509

76 11
68 91
704 670

63 37
18 39
19241 10872

17 50
45 11
13734 16737

44 20
29 66
12504 16028

26 66
88 42
9394 8610

88 34
45 91
10505 9727

19 73
85 83
5408 8112

66 20
24 78
3510 6934

95 18
20 57
4560 1875

29 28
16 60
3939 7100

43 90
74 45
2994 2970

29 76
59 19
6326 17315

12 22
50 13
10488 18428

68 12
22 80
17244 7404

71 25
15 69
1116 3324

94 88
21 82
6023 9566

12 49
55 28
9161 4148

73 34
27 84
7610 10544

89 14
53 84
10027 7252

60 17
29 77
11588 10010

70 19
42 47
5110 4769

73 12
18 74
18979 508

28 89
55 37
3557 3726

20 71
74 15
240 1764

11 15
84 19
4235 1571

15 82
91 44
6849 6152

25 14
21 81
2958 8442

13 56
81 26
5732 6608

84 11
45 77
1968 1111

79 17
40 99
4393 2482

16 57
94 74
9600 11243

36 28
86 11
6190 2523

96 22
24 89
9216 4784

57 23
19 60
19120 4428

17 87
41 46
1957 2807

29 19
33 95
3414 4218

51 20
58 85
8149 7180

40 14
19 36
3540 3000

56 53
92 17
9864 3870

55 89
50 16
8175 7257

56 30
41 90
3087 5940

56 14
17 44
9023 15770

47 14
13 37
13845 3384

33 12
20 32
17882 19448

39 80
47 14
2467 4154

57 38
20 41
3381 8345

51 14
17 79
5304 8592

54 24
24 48
2462 16568

11 37
43 39
561 725

48 23
19 40
3232 15593

86 39
12 55
2146 17900

14 43
23 20
2192 2276